mean_absolute_error: 116.24341202157174
r2_score: -0.09950185143061607
